// ambient light
0.2 0.2 0.2
// lights
3
2.0 2.0 -10.0  1.5 0 0 
2.0 -10.0 0  0 1.5 0 
-10.0 0 0  0 0 1.5 

SPH // eye 1
3 3 0
2
0.4 0.4 0.1 0.9 0.9 0.9 0.5 0.5 0.5 0.9 1.0 1.0 1.5

SPH // eye 1
3 -3 0
2
0.2 0.0 0.6 0.9 0.9 0.9 0.5 0.5 0.5 0.9 1.0 1.0 1.5

SPH // eye 1
-3 3 0
2
0.1 0.6 0.1 0.9 0.9 0.9 0.5 0.5 0.5 0.9 1.0 1.0 1.5

SPH // eye 1
-3 -3 0
2
0.0 0.4 0.2 0.9 0.9 0.9 0.5 0.5 0.5 0.9 1.0 1.0 1.5

SPH // eye 1
0 0 8
4
0.3 0.3 0.2  0.9 0.9 0.9  0.5 0.5 0.5  0.0 0.0 0.0 10.0
