// head
//SPH
//0 0 0
//10

SPH // eye 1
-3 6 -7
2
SPH // eye 2
3 6 -7
2
SPH // eye 1.2
-3 6 -8.7
0.5
SPH // eye 2.2
3 6 -8.7
0.5

// nose
BOX
-1.5 -1.5 -13
1.5 1.5 -8

PLG
9
5 -0.5 -9
4 -5 -9
1 -6.8 -9  
-1 -7 -9
-3 -7 -9
-5 -5 -9
-4.5 -3.5 -9
-0.2 -3.8 -9
2.5 -3 -9
  
PLG
5
0.5 -5.3 -9
0 -5.8 -9
-0.5 -5.8 -9
-1 -5 -9
0 -4.7 -9

QDR  
10 2 0 0 0 0 0 0 0 -1
-7 8 8
7 11 -9
QDR  
10 2 0 0 0 0 0 0 0 -1
-5 10 7
5 15 -6
QDR  
10 2 0 0 0 0 0 0 0 -1
-3 13 5
3 20 -4
