SPH
3.0 0 0
1

SPH
-3 0 0
1

SPH
1.5 2.59807 0.5
1

SPH
-1.5 2.59807 0.5
1

SPH
1.5 -2.59807 0.5
1

SPH
-1.5 -2.59807 0.5
1

BOX
-0.5 -0.5 -0.5
0.5 0.5 0.5

PLG
4
-0.5 -0.5 1.5
0.5 -0.5 1.5
0.5 0.5 1.5
-0.5 0.5 1.5

PLG
4
-0.5 -0.5 2.5
0.5 -0.5 2.5
0.5 0.5 2.5
-0.5 0.5 2.5

PLG
3
-0.5 -0.5 3.5
0.5 -0.5 3.5
0.5 0.5 3.5

PLG
3
-0.5 -0.5 4.5
0.5 -0.5 4.5
-0.5 0.5 4.5

PLG
3
0.5 -0.5 5.5
0.5 0.5 5.5
-0.5 0.5 5.5

QDR
1 1 0 0 0 0 0 0 1.2 1.3
-2 0.5 -2
-3 -0.5 -3

QDR
1 1 0 0 0 0 0 0 1.4 1.35
3 0.5 -2
2 -0.5 -3

QDR
1 1 0 0 0 0 0 0 1.1 1.0
-0.5 -0.5 -4
0.5 0.5 -5