// ambient light
0.5 0.5 0.5
// lights
3
0.0 10.0 0.0 0.5 0.0 0.0 
0.0 0.0 -14.0 0.1 0.0 0.4 
0.0 -10.0 0.0 0.2 0.2 0.2 

SPH // eye 1
-3 6 -7
2
0.4 0.4 0.1 0.9 0.9 0.9 0.9 0.9 0.9 3.0 3.0 3.0 3.0

SPH // eye 1
3 -2 0
2.5
0.1 0.4 0.4 0.9 0.9 0.9 0.9 0.9 0.9 2.0 1.0 1.0 1.0

// nose
BOX
-1.5 -1.5 -13
1.5 1.5 -8
0.1 0.3 0.1 0.9 0.9 0.9 0.9 0.9 0.9 1.0 1.0 0.5 1.0

// nose
BOX
-1.5 -1.5 8
1.5 1.5 10
0.1 0.2 0.1 0.2 0.2 0.2 0.5 0.3 0.1 0.0 2.0 0.5 1.0

PLG
9
5 -0.5 13
4 -5 13
1 -6.8 13
-1 -7 13
-3 -7 13
-5 -5 13
-4.5 -3.5 13
-0.2 -3.8 13
2.5 -3 13
0.4 0.2 0.3 0.9 0.9 0.9 0.9 0.9 0.9 0.9 2.0 0.5 1.0

SPH // small
3 9 7
0.5
0.2 0.4 0.2 0.9 0.9 0.9 0.9 0.9 0.9 1.0 1.0 1.0 1.0
SPH // small
2 11 9
0.5
0.4 0.4 0.2 0.9 0.9 0.9 0.9 0.9 0.9 1.0 1.0 1.0 1.0
SPH // small
-3 -9 5
0.5
0.2 0.2 0.8 0.9 0.9 0.9 0.9 0.9 0.9 1.0 1.0 1.0 1.0
